Num       RefCount Protocol Flags    Type St Inode Path
00000000: 00000002 00000000 00010000 0001 01  6150 /dev/socket/zygote
00000000: 00000002 00000000 00010000 0001 01 10260 @com.android.internal.telephony
00000000: 00000002 00000000 00010000 0001 01  9733 /data/system/ndebugsocket
00000000: 00000002 00000000 00010000 0001 01 48781 @c39a175b672fa92d7e7c3c7272fab2c0bec4eee9ddafee7ee5896f13cd784310a4fa57
00000000: 00000002 00000000 00010000 0001 01   927 /dev/socket/vold
00000000: 00000002 00000000 00010000 0001 01   932 /dev/socket/cryptd
00000000: 00000002 00000000 00010000 0001 01  5022 @android:debuggerd
00000000: 00000002 00000000 00010000 0001 01   729 /dev/socket/logd
00000000: 00000002 00000000 00010000 0005 01   734 /dev/socket/logdr
00000000: 00000002 00000000 00010000 0001 01   991 /dev/socket/installd
00000000: 0000002E 00000000 00000000 0002 01   737 /dev/socket/logdw
00000000: 00000002 00000000 00010000 0001 01  5156 @jdwp-control
00000000: 00000002 00000000 00010000 0001 01  1001 /dev/socket/netd
00000000: 00000002 00000000 00010000 0001 01  1006 /dev/socket/dnsproxyd
00000000: 00000002 00000000 00010000 0001 01  1009 /dev/socket/mdns
00000000: 00000002 00000000 00010000 0001 01  1012 /dev/socket/fwmarkd
00000000: 00000002 00000000 00010000 0005 01  5116 /dev/socket/lmkd
00000000: 00000002 00000000 00010000 0001 01  4856 /dev/socket/property_service
00000000: 00000003 00000000 00000000 0005 03  8709
00000000: 00000003 00000000 00000000 0001 03  8669
00000000: 00000003 00000000 00000000 0005 03  8710
00000000: 00000002 00000000 00000000 0002 01  6204
00000000: 00000003 00000000 00000000 0001 03  9529 /dev/socket/vold
00000000: 00000002 00000000 00000000 0002 01  6235
00000000: 00000003 00000000 00000000 0005 03  8711
00000000: 00000002 00000000 00000000 0002 01  5569
00000000: 00000003 00000000 00000000 0001 03  8695 /dev/socket/mdns
00000000: 00000003 00000000 00000000 0001 03  8694
00000000: 00000003 00000000 00000000 0005 03  8712
00000000: 00000003 00000000 00000000 0001 03  9537
00000000: 00000003 00000000 00000000 0005 03 10633
00000000: 00000003 00000000 00000000 0005 03  8714
00000000: 00000003 00000000 00000000 0005 03 13942
00000000: 00000003 00000000 00000000 0001 03  9761
00000000: 00000003 00000000 00000000 0005 03  8715
00000000: 00000003 00000000 00000000 0005 03 11722
00000000: 00000002 00000000 00000000 0002 01  9879
00000000: 00000002 00000000 00000000 0001 01 30300
00000000: 00000003 00000000 00000000 0001 03 49997 @jdwp-control
00000000: 00000003 00000000 00000000 0005 03 11418
00000000: 00000003 00000000 00000000 0001 03 49995
00000000: 00000003 00000000 00000000 0001 03  9898
00000000: 00000003 00000000 00000000 0001 03  9870
00000000: 00000003 00000000 00000000 0005 03 11714
00000000: 00000002 00000000 00000000 0002 01  9853
00000000: 00000003 00000000 00000000 0005 03 11723
00000000: 00000002 00000000 00000000 0002 01  8983
00000000: 00000003 00000000 00000000 0005 03 13941
00000000: 00000003 00000000 00000000 0005 03 11765
00000000: 00000002 00000000 00000000 0002 01  5937
00000000: 00000003 00000000 00000000 0001 03 19618
00000000: 00000003 00000000 00000000 0001 03 14662
00000000: 00000003 00000000 00000000 0001 03 11117 @jdwp-control
00000000: 00000002 00000000 00000000 0002 01 10689
00000000: 00000002 00000000 00000000 0002 01 11732
00000000: 00000003 00000000 00000000 0005 03 10632
00000000: 00000003 00000000 00000000 0001 03 11822 @jdwp-control
00000000: 00000003 00000000 00000000 0005 03 11766
00000000: 00000003 00000000 00000000 0001 03 11820
00000000: 00000002 00000000 00000000 0002 01  9709
00000000: 00000003 00000000 00000000 0005 03  5023
00000000: 00000002 00000000 00000000 0002 01  9797
00000000: 00000003 00000000 00000000 0001 03  7678 /dev/socket/installd
00000000: 00000003 00000000 00000000 0005 03  6061
00000000: 00000003 00000000 00000000 0005 03  5024
00000000: 00000003 00000000 00000000 0005 03  9494
00000000: 00000003 00000000 00000000 0001 03  7692
00000000: 00000003 00000000 00000000 0001 03  8588
00000000: 00000002 00000000 00000000 0002 01  9730
00000000: 00000002 00000000 00000000 0002 01  5025
00000000: 00000002 00000000 00000000 0002 01  7669
00000000: 00000002 00000000 00000000 0002 01  5855
00000000: 00000003 00000000 00000000 0001 03  8590 @jdwp-control
00000000: 00000003 00000000 00000000 0005 03  8596
00000000: 00000003 00000000 00000000 0005 03  8597
00000000: 00000003 00000000 00000000 0005 03  8599
00000000: 00000003 00000000 00000000 0005 03  8598
00000000: 00000002 00000000 00000000 0002 01 12219
00000000: 00000002 00000000 00000000 0002 01 51674
00000000: 00000003 00000000 00000000 0001 03 14663
00000000: 00000003 00000000 00000000 0001 03 52586 @jdwp-control
00000000: 00000003 00000000 00000000 0001 03 14666
00000000: 00000003 00000000 00000000 0001 03 51685
00000000: 00000002 00000000 00000000 0002 01  5593
00000000: 00000003 00000000 00000000 0001 03 16771
00000000: 00000003 00000000 00000000 0001 03  9872 @jdwp-control
00000000: 00000003 00000000 00000000 0001 03  8685 /dev/socket/netd
00000000: 00000003 00000000 00000000 0001 03 19619
00000000: 00000003 00000000 00000000 0005 03  9497
00000000: 00000003 00000000 00000000 0005 03  9528
00000000: 00000003 00000000 00000000 0001 03 10142
00000000: 00000002 00000000 00000000 0002 01 49457
00000000: 00000003 00000000 00000000 0001 03  9924
00000000: 00000003 00000000 00000000 0001 03  9763 @jdwp-control
00000000: 00000002 00000000 00000000 0002 01  5081
00000000: 00000003 00000000 00000000 0001 03  9926 @jdwp-control
00000000: 00000003 00000000 00000000 0001 03  9900 @jdwp-control
00000000: 00000003 00000000 00000000 0001 03 10134
00000000: 00000002 00000000 00000000 0002 01 14004
00000000: 00000003 00000000 00000000 0001 03 12906 @jdwp-control
00000000: 00000002 00000000 00000000 0002 01  9075
00000000: 00000003 00000000 00000000 0001 03  9698 /dev/socket/zygote
00000000: 00000003 00000000 00000000 0005 03 11713
00000000: 00000003 00000000 00000000 0001 03  8851 @jdwp-control
00000000: 00000003 00000000 00000000 0005 03 11715
00000000: 00000003 00000000 00000000 0005 03 11419
00000000: 00000003 00000000 00000000 0001 03  9096
00000000: 00000002 00000000 00000000 0002 01 12889
00000000: 00000003 00000000 00000000 0001 03 10133
00000000: 00000003 00000000 00000000 0001 03  8849
00000000: 00000003 00000000 00000000 0001 03 51225
00000000: 00000003 00000000 00000000 0001 03  9098 @jdwp-control
00000000: 00000003 00000000 00000000 0005 03  9435 /dev/socket/lmkd
00000000: 00000003 00000000 00000000 0005 03  9495
00000000: 00000003 00000000 00000000 0005 03  9186
00000000: 00000003 00000000 00000000 0005 03  9434
00000000: 00000003 00000000 00000000 0005 03  9496
00000000: 00000003 00000000 00000000 0001 03 12234 @jdwp-control
00000000: 00000003 00000000 00000000 0001 03 14667
00000000: 00000003 00000000 00000000 0005 03  9187
00000000: 00000003 00000000 00000000 0001 03 12232
00000000: 00000002 00000000 00000000 0002 01 48609
00000000: 00000003 00000000 00000000 0005 03  9189
00000000: 00000003 00000000 00000000 0005 03  9498
00000000: 00000003 00000000 00000000 0005 03  9188
00000000: 00000002 00000000 00000000 0002 01 13531
00000000: 00000003 00000000 00000000 0001 03 16770
00000000: 00000003 00000000 00000000 0005 03 10241
00000000: 00000003 00000000 00000000 0005 03  9191
00000000: 00000003 00000000 00000000 0005 03 10242
00000000: 00000003 00000000 00000000 0005 03  9192
00000000: 00000002 00000000 00000000 0002 01  5901
00000000: 00000002 00000000 00000000 0002 01  5890
00000000: 00000002 00000000 00000000 0002 01  6296
00000000: 00000003 00000000 00000000 0001 03 51226
00000000: 00000002 00000000 00000000 0002 01 49981
00000000: 00000002 00000000 00000000 0002 01  5944
00000000: 00000002 00000000 00000000 0002 01 49590
00000000: 00000002 00000000 00000000 0002 01 19613
00000000: 00000003 00000000 00000000 0005 03  6060
00000000: 00000003 00000000 00000000 0001 03  4855
00000000: 00000002 00000000 00000000 0002 01  5092
00000000: 00000003 00000000 00000000 0001 03  4854
00000000: 00000003 00000000 00000000 0001 03  5155
00000000: 00000002 00000000 00000000 0002 01 10118
00000000: 00000002 00000000 00000000 0002 01  5419
00000000: 00000003 00000000 00000000 0005 03  8722
00000000: 00000003 00000000 00000000 0001 03 11115
00000000: 00000003 00000000 00000000 0005 03  8723
00000000: 00000003 00000000 00000000 0005 03 13983
00000000: 00000002 00000000 00000000 0002 01  5394
00000000: 00000002 00000000 00000000 0002 01 11088
00000000: 00000003 00000000 00000000 0001 03 12904
00000000: 00000003 00000000 00000000 0001 03 14658
00000000: 00000003 00000000 00000000 0005 03 11716
00000000: 00000003 00000000 00000000 0001 03  8667 /dev/socket/cryptd
00000000: 00000002 00000000 00000000 0002 01 32627
00000000: 00000003 00000000 00000000 0005 03  8724
00000000: 00000003 00000000 00000000 0001 03 14659
00000000: 00000003 00000000 00000000 0005 03  9527
00000000: 00000003 00000000 00000000 0001 03  8811
00000000: 00000003 00000000 00000000 0005 03  8725
00000000: 00000002 00000000 00000000 0002 01 48708
00000000: 00000003 00000000 00000000 0001 03  8666
00000000: 00000002 00000000 00000000 0002 01  5494
00000000: 00000002 00000000 00000000 0002 01 48894
00000000: 00000003 00000000 00000000 0001 03  8572
00000000: 00000003 00000000 00000000 0005 03  9499
00000000: 00000003 00000000 00000000 0001 03  8571
00000000: 00000002 00000000 00000000 0002 01  5938
00000000: 00000002 00000000 00000000 0002 01  5898
00000000: 00000003 00000000 00000000 0001 03  5157
00000000: 00000003 00000000 00000000 0005 03 13982
00000000: 00000003 00000000 00000000 0001 03 10144 @jdwp-control
00000000: 00000003 00000000 00000000 0001 03  5154
00000000: 00000002 00000000 00000000 0002 01  5190
00000000: 00000003 00000000 00000000 0001 03  5158
